65533
63484
64516
65020
64515
2058
1019
775
6
1532
63486
3
64512
64260
1801
1795
1276
506
63240
1268
64509
256
64753
65023
1280
1023
1274
261
254
64516
1539
2826
1518
1531
12
517
64509
64520
1786
65276
65027
764
3844
63746
65278
1279
258
63499
2300
513
516
767
63237
61961
771
64764
64766
65275
4100
63228
261
65024
64779
63488
1535
514
64761
2046
62981
64504
5
1278
512
63488
2298
64516
513
1024
65034
514
498
775
65275
1537
3083
63231
64772
2824
514
1020
1538
64006
65282
1022
65021
65286
764
64511
258
1273
2298
64248
523
2814
64005
252
249
64257
63490
65531
64508
2042
2571
64504
1286
64764
64767
63991
521
64765
64770
3068
1014
64511
1784
65027
65281
63995
524
65528
5
3584
510
65019
1282
63240
767
268
1279
3067
1022
65287
64763
64255
0
1012
64766
3336
248
1031
770
64510
63751
65026
64775
3062
2049
1291
65022
64260
64519
64506
64765
774
65275
3339
64766
65029
511
64774
64766
2300
770
244
64765
63746
65278
65024
65276
65282
64508
3338
64766
777
64770
63986
252
1276
65035
65276
1276
1029
65026
64514
1281
63231
63232
513
63241
62204
2049
64523
516
749
65034
501
65534
2050
64514
65284
2055
1288
1277
2039
64509
64515
1018
65027
64513
10
508
65280
2301
2047
63995
1290
1280
65283
1538
1015
64764
63748
504
63990
765
65295
1276
511
65023
64511
65021
8
64257
64514
2056
250
508
63995
64003
0
2300
1806
2038
507
1545
763
63745
64515
64513
257
1803
514
247
1026
64515
511
65020
1539
511
64249
2053
65275
1277
2553
1538
64260
765
62987
3062
1280
65027
763
64257
64772
64767
1018
64513
65273
2311
64260
1797
65276
257
64764
1277
1793
1015
63996
64517
257
767
507
506
63741
3850
64255
64776
0
9
64774
2302
2052
245
2295
65291
62980
65277
2824
505
63490
1539
64262
511
1024
64523
64515
65532
1548
64767
1534
2816
62978
1536
262
1789
64765
3072
256
64766
2555
65027
1283
7
510
1277
254
2306
63740
65291
65023
257
2298
1269
65022
62722
0
63489
2047
62973
65284
510
764
63999
2558
65027
254
1788
64264
765
64768
1284
65013
62978
1282
64519
764
1277
65291
0
511
1279
509
2300
267
63238
65028
517
64773
508
1277
62212
1
65535
63998
1798
64766
253
65281
1017
2053
64755
65284
517
509
65026
1779
64514
64507
65533
64515
3318
1036
757
64764
1532
65276
511
262
62458
771
1275
65019
1017
259
770
62720
1533
1798
65281
1533
2055
769
64248
1028
65026
64515
2564
65533
248
1534
64515
762
65277
64513
65261
507
2820
65280
65527
1786
259
64517
4
2565
2551
1789
773
64513
65533
64003
65021
504
514
509
2826
0
1536
65278
1
64771
1276
769
264
65024
63238
63752
65021
65016
766
65022
3583
63227
1284
64759
3
64510
1276
8
65266
1277
64519
65027
65279
256
64762
62973
2301
64003
64772
510
65289
65026
2809
259
2554
512
1285
62724
64003
2057
1281
256
2299
1532
65017
1022
64764
252
1027
1792
64770
65277
2816
64762
65036
65025
64517
64510
1020
764
64508
64765
64766
1786
525
1276
1028
63739
64773
65020
1284
63487
516
2046
64252
505
507
65030
64765
64507
1295
252
64771
1800
1025
62972
773
64513
774
1030
1024
257
3580
64767
64758
0
766
65020
64764
3332
64767
258
1277
1279
64511
1541
63243
1777
2051
2
65533
64000
263
252
65018
64009
249
2826
65026
766
255
63490
64254
2295
2
1015
64003
63750
253
1278
64248
63479
65534
3070
64007
1537
515
3
63493
65281
4
64767
65017
778
63495
62980
1022
64513
65285
1783
61964
254
1028
64521
64512
764
774
1277
3
3069
63749
64767
1540
510
64765
2812
64256
64515
1019
65027
64763
268
1020
506
2817
3067
63993
1288
1
255
2814
2550
65274
63232
2556
62964
2302
65294
508
257
64514
65533
62204
7
62203
1030
1278
65021
245
65533
65285
1276
63999
1547
1018
513
767
1277
64513
781
255
258
1291
65272
2555
3327
64001
64766
64261
1022
757
65281
4104
64510
65534
3071
1286
64514
773
63752
2300
765
64255
65534
65533
268
65531
65275
64520
1784
1795
63744
765
65021
64516
64767
1531
62980
65266
63488
64524
65532
64514
1016
64765
65274
2304
65031
773
1544
64519
64770
1528
65285
1018
2043
1295
62719
64770
3587
62208
64251
65273
62217
1277
768
63493
64771
1278
64775
1276
2043
2565
63234
64263
514
261
65022
2298
62468
2
2044
65022
1024
519
511
65027
1283
3328
63220
263
1532
64766
262
2298
507
64772
1276
65534
65278
63758
2552
774
775
65532
64508
1031
64766
64259
1281
63994
1015
1015
64522
761
64253
523
758
1284
771
512
63485
772
65278
65029
2564
1296
2557
1531
63238
65281
64509
1021
2046
65021
64510
508
65529
65027
2
63999
515
62984
1783
64513
65285
65530
62716
65028
65021
64766
1020
62972
1797
501
63749
1789
65025
64250
4
63998
1535
3323
64764
252
770
64515
63223
508
777
1278
64764
2312
2041
64763
266
64766
64512
1546
65022
1786
774
63754
764
5
2307
65272
63483
65282
64515
64764
9
65533
1787
1275
63495
64519
2824
65284
64509
3582
65015
65022
2556
61701
2044
64276
1280
64767
262
1528
64764
520
3079
64769
248
1015
246
5
1025
64250
2564
64523
761
65531
65284
249
64759
1289
64267
513
2047
513
764
63485
63490
509
252
2052
65534
503
516
1789
65021
1035
64768
766
1546
1285
1269
2045
64267
767
64768
521
254
64762
65288
65529
765
64771
65535
64004
64508
62729
3577
1030
64519
1018
63494
768
64510
1019
64258
64504
3330
62464
1793
64515
508
64512
1790
65284
501
1275
64772
63738
64514
513
65024
64764
2817
65022
64514
1026
64779
513
1531
2
759
1791
1035
0
64514
2058
1015
247
65023
64771
2
64767
262
63488
771
2308
1022
65528
257
64760
64517
2821
65532
65532
2549
65279
64257
2309
64256
1282
64777
756
64516
253
64766
64251
773
63494
766
251
65022
506
61699
65532
65279
258
65035
65532
765
1789
1026
763
1547
64259
64767
1791
258
1780
1276
64521
250
65018
262
63484
1526
4102
769
64253
2563
63487
518
4
65037
1789
1788
7
65031
64763
520
65024
1273
64264
1276
521
64253
256
1784
2556
241
65290
775
502
2046
759
65534
63484
65280
63997
1019
269
3061
64509
770
251
765
9
62720
65023
773
516
1007
255
261
64764
1533
266
253
64504
2308
2558
63740
1024
63742
2824
1538
1029
2553
1278
65289
65021
64004
64516
1276
63745
254
505
508
1028
767
64508
65276
63755
3063
65534
64004
65275
62719
64001
65280
762
64001
761
3331
63491
1030
63480
64771
64764
4094
64002
65266
64257
512
64517
1281
65282
63482
510
4349
64266
1534
65532
65284
64514
2300
1796
64764
2556
772
63237
64771
3337
64761
3
64764
62725
265
65535
65287
65022
64772
1030
252
1530
1026
63743
65288
2574
64513
509
1019
64516
64514
2050
64764
1277
10
64766
512
2303
1024
62972
517
518
1024
767
1273
65524
64509
512
64507
511
64528
1785
65535
64257
1788
64765
65029
64508
64766
2056
65535
1271
64509
65025
64760
1020
1547
493
1790
4098
1276
64508
2315
64514
1028
517
1544
251
249
264
65025
64515
1286
1021
64261
64766
64768
65276
254
1026
63999
64777
64001
3579
1537
63494
771
61961
64518
64758
65519
64513
503
4105
63484
264
65533
257
64257
1784
767
65019
2044
64773
64000
65023
65286
254
65275
2297
64256
263
1021
1282
65278
2807
64512
65269
516
1535
62463
65023
1800
64769
65535
766
63486
64516
1529
64519
511
4
264
65281
65271
2050
62708
1032
2825
255
65026
1020
63229
64757
2052
63739
1282
5
65280
1535
65026
63229
65275
1035
63741
64765
2297
761
261
64763
64258
64248
1535
2315
249
65284
65276
508
64252
1030
63746
64258
260
2817
510
247
64520
64248
64762
509
64752
1282
3338
1024
65279
2302
64505
1540
65026
1803
65522
1535
65286
65280
63746
519
512
64764
776
1
2304
64775
1530
65028
65030
63758
65531
65283
64518
64764
62980
64775
1020
65274
65281
757
1804
63994
64513
256
770
64767
1277
768
64763
2807
64516
65529
64521
1277
63225
64772
3071
62214
64764
772
65289
64265
2556
65279
1530
2822
775
64267
259
1796
761
1018
0
64255
65281
1791
64780
65028
64511
4
64516
250
1282
64760
1289
521
64768
64508
505
64001
506
64772
63738
1535
64778
1268
1284
252
64001
65275
525
64766
1023
1022
64766
65276
64764
64001
766
65534
65294
1272
65287
2301
763
508
514
64004
65020
261
1539
2555
65534
64002
64765
2049
65026
491
64258
2816
245
0
2817
63748
65026
65282
519
2297
510
65284
65027
62975
775
65018
65274
65035
64506
2573
1275
1535
64513
64768
63235
3069
769
519
63236
64514
64514
258
64760
64507
1788
3847
61435
512
65284
1282
64254
3582
64771
65273
2042
64521
62980
65026
65283
64764
65534
2819
62469
1015
1541
64515
64781
1273
64771
508
263
2822
65034
64520
1791
519
768
2299
64248
64514
2048
64258
64000
258
768
2055
764
1529
64758
523
1283
63999
65285
65274
63993
65282
508
62459
3326
64526
753
64518
256
65277
63996
1291
63741
508
2304
64761
65021
1533
264
257
65025
1035
1273
1538
2047
764
63993
266
64766
64514
513
773
64506
1026
64514
63479
64255
1278
766
63998
2822
64757
64767
1784
510
64260
2566
64259
2040
257
518
1280
64257
8
64254
65276
64779
64762
2052
64512
2052
509
64772
63740
2555
65029
65271
64774
64520
63754
64764
63733
64764
64514
64517
1016
1794
64517
1535
65020
64775
64767
62723
1028
1276
760
64762
5
1020
1276
2565
64241
65023
1796
1282
65534
2821
64521
1282
1795
65287
1020
65275
517
64513
64253
64523
1275
65277
1799
65274
2048
65534
1
64767
62471
62973
2293
261
4
64254
64776
64764
769
1014
63743
503
3324
63231
257
1031
259
64761
3582
64518
1013
65277
65028
65019
64003
510
64512
61697
3572
62211
65021
1788
64262
65291
2042
1030
1020
2559
1
64772
64780
258
65532
1281
65530
64518
65285
504
64265
65535
64516
1033
65288
2046
1792
63992
65283
2309
1
65023
759
64503
64254
3068
62974
1281
65287
1274
254
763
514
63743
265
62973
257
757
65022
509
65022
771
63740
512
1800
1530
64517
1281
1021
64765
1035
4
62971
1291
1284
1015
65525
63749
1015
511
2058
246
64772
1536
1793
252
1024
65277
64768
1288
1291
62452
2048
1030
519
63481
8
772
63740
519
503
3590
766
1
505
64005
63493
2300
1031
64256
63230
63245
64771
7
65019
63487
65520
4350
64766
1024
65285
1025
64511
2544
63747
1015
1785
263
64764
64254
2824
62712
5
1534
61698
2050
1791
65285
64000
1786
1032
509
2305
3079
63738
7
1801
65284
65027
1020
64767
65024
767
64763
5
64255
65535
259
252
1023
62710
1287
2050
65021
253
65275
65532
63748
257
64766
1533
64522
2045
64509
767
64000
63230
1542
64764
258
2560
65014
509
0
256
63485
252
1803
2041
261
516
65278
63224
1283
64263
763
1806
1020
65269
2813
64265
65273
64515
2050
64251
65277
3584
2556
65276
1796
64771
62978
1024
1290
2296
2812
772
770
64765
65285
64770
63736
2820
64765
3080
252
513
764
1283
65031
1526
6
9
62972
64771
64001
64772
761
256
64764
4100
63483
260
251
64511
64259
1023
65282
763
2044
63752
62208
64517
1280
63232
64765
3336
62211
1280
769
64518
64010
1533
63494
764
1787
1284
63998
64765
1027
65029
1283
3067
64767
65535
2298
64260
64761
65021
1275
64515
255
2807
63996
1548
2303
65025
1792
760
64508
65532
64764
63999
1276
15
3068
63234
253
64767
64508
1801
62716
65280
514
1274
65271
64765
65282
64765
64251
266
507
1533
2559
1276
63996
1288
64513
766
518
1283
1788
508
65284
252
63490
1025
64754
64516
2055
1019
64517
1276
1020
63488
6
63750
65524
1028
1034
65279
63998
267
763
65531
266
65527
774
1026
1024
0
0
62977
2552
64514
245
1276
62977
64761
769
64760
64252
64506
3332
62719
766
65531
10
65026
1278
2308
257
3071
64522
63491
63744
1279
64508
64512
2042
64262
65026
508
64267
11
64512
1031
2049
1279
2309
63230
522
2056
768
64000
2040
64766
64769
2046
65020
514
65291
770
1033
65280
2294
63737
12
1539
512
1793
499
65019
65535
2
64761
65022
65040
503
514
65281
261
63221
65031
63997
64255
2315
65273
765
771
64778
1015
64764
2569
240
1026
2317
2560
63745
516
63740
258
258
65280
2551
1022
64262
65023
64256
1281
1540
510
1024
64252
1276
2307
1797
64512
64768
61958
2043
2049
65026
64512
64767
64773
65532
64761
64767
253
1535
62462
65280
65025
64516
64766
2044
259
64761
64001
1541
64252
65281
1015
64764
64514
1025
64254
1281
1284
522
64514
1020
2051
64249
2040
1542
64514
64770
1537
63984
63742
250
64517
1024
65020
64782
3
64770
65029
512
1275
1545
64509
266
65026
511
65278
510
64512
64770
2553
63747
3842
65029
2053
768
774
2304
63220
1033
767
65023
507
2042
768
62972
511
63994
2044
12
2036
508
1028
1795
64508
267
63228
64767
2051
64765
2296
760
65285
1270
64764
1291
255
1019
2052
1
1020
65035
64764
2
519
265
1017
2815
260
1022
63482
2058
1531
254
63233
64505
258
64767
1027
64253
65287
61962
2297
769
65280
64765
64764
64521
65274
64767
62971
65532
3334
62968
1283
1282
256
64514
2296
64777
64762
65535
64778
64763
261
1790
62977
64249
3074
64261
65286
764
65286
63747
65011
2048
506
257
2564
62469
517
2049
62721
65532
766
64515
65022
1278
65031
65027
1021
65285
1281
764
2047
62712
270
2566
64006
1534
3066
767
64517
65024
65029
511
518
254
65288
512
509
63483
261
3078
519
1536
64763
64759
65028
65020
63738
1794
64521
1016
771
0
1022
64764
1028
64512
64508
2307
65028
65016
65527
64008
508
1020
2055
65529
2045
2819
65276
65529
3333
64513
1798
7
261
1268
1796
267
64513
64513
1289
65274
763
65034
1533
2555
64769
64516
1793
64516
62727
502
64518
64004
1791
62473
65031
248
1273
65283
64764
3842
61948
256
63743
65019
64513
2042
1279
64501
1789
63747
64506
64768
2053
64763
64514
3325
64003
773
2302
64514
65027
2303
64518
503
1541
7
63482
64518
1534
511
508
253
65285
63235
2046
64516
64773
64246
260
255
1026
2561
61945
521
2312
63741
64766
2555
64764
63743
1535
64248
1532
12
2808
516
2055
65283
62710
517
64256
1280
1794
65014
65020
62713
5
514
2300
530
1527
508
1798
766
252
2567
63750
64255
2057
2
65531
2039
64263
255
64253
1281
1020
770
2562
64768
65279
1787
0
261
65286
775
246
2299
2053
64775
64512
266
64508
65021
65038
252
2567
766
1791
504
64259
62473
2043
65285
513
62972
63490
64260
509
64765
63745
65274
3841
63996
259
65282
64764
64506
2303
263
65273
509
517
61695
64512
518
1027
63232
2556
64257
63998
2557
65285
254
65524
1026
65273
768
253
64005
65534
1795
1028
65533
2813
65024
63486
1532
65022
64766
261
64512
513
1788
1278
64248
64527
775
65283
254
2299
64768
64764
65021
64252
2042
65298
754
516
519
1
63483
1545
62973
254
1536
63741
63738
1
65027
65533
768
781
2556
64512
2056
65275
64252
771
64001
63744
1290
65026
1783
1536
64513
65280
255
773
65273
64762
264
2812
64000
2305
64000
63233
64765
523
3065
1797
2310
1279
63482
520
65276
65535
65029
65020
2560
62972
252
64767
63755
64268
3069
769
1282
65281
61695
65033
767
64761
64516
63229
65535
1780
1286
65282
1531
64766
1028
63235
64764
1287
2043
503
64764
64004
1277
2047
65028
1274
250
2822
2041
64515
1032
65019
1024
65033
778
65272
1796
2059
64509
64517
64525
1283
64766
64520
2044
2816
64261
65533
63996
64770
62202
2061
260
64514
2303
249
63232
63224
2306
64765
64259
64520
1521
2314
1276
7
64252
9
63228
64766
1541
65013
64760
1276
65289
65531
1276
11
505
512
1287
259
64253
771
63491
1027
1286
1280
251
3583
261
65280
64766
1797
2550
63228
2561
1531
65276
2812
64516
64260
769
62734
2546
65534
263
64000
64255
64519
65014
251
64255
502
3081
65286
1277
64513
65280
63236
2040
1797
1014
65029
61704
64757
63743
762
64506
764
3840
62978
1025
64771
64772
64000
1276
1028
65274
2048
6
61952
65284
2562
64252
62459
509
63749
255
1796
64520
64006
1276
1544
764
765
2563
62470
255
2311
260
64512
1528
63740
64507
1
65275
769
65035
65023
64515
2294
2304
252
779
1788
65026
1536
1265
63488
64506
1024
63484
2047
63745
768
65535
65024
63745
1020
1537
65014
2813
63239
62973
64508
1286
1022
62459
3581
64766
1025
1284
63495
63494
3064
259
1021
1283
772
61188
773
3587
64513
65023
1526
64007
1022
763
64780
64259
511
9
1795
503
3841
63995
64781
1798
64767
65535
3322
65532
509
64765
65018
1782
65033
245
64771
2305
64262
64761
12
64765
772
2559
765
65530
64257
64767
64512
1275
1543
1530
517
1544
64766
64765
514
61952
64761
1031
64766
243
3066
65035
509
64764
773
1788
64249
2312
251
64766
3065
64514
257
65027
774
2805
516
263
64516
64508
65283
65283
64763
64773
1022
3339
64768
63485
65269
5
64778
2295
514
65283
65026
63499
64771
64765
248
63233
64771
5384
64513
65031
764
65285
64764
1275
512
65272
1794
64516
63486
63747
3580
62970
64769
2565
63236
63997
2561
260
65288
1270
769
65275
1786
4105
64515
510
1029
1023
511
509
64765
773
761
64516
65024
64255
2053
65285
65281
3060
65268
1031
515
515
64764
1017
63740
257
510
62720
2814
64776
64761
1280
263
1540
62969
65285
63483
1020
1794
64757
65533
65534
64260
64773
64764
2061
65270
65288
2310
765
64252
1029
63747
64512
1547
65532
508
1533
1291
249
64510
1025
1008
63748
2820
508
64254
768
1796
65275
517
1284
2298
2818
64264
1536
63743
63753
250
65275
65285
64766
2061
252
5
1789
762
62459
1280
64001
1277
760
64757
759
62981
259
64260
2044
65038
1276
64506
515
766
64504
1032
62969
63743
2824
1027
1269
1015
64523
252
763
1797
64760
65277
1801
1531
63746
1018
65026
1281
515
65295
252
3071
64775
254
64512
7
65276
254
6
766
1025
510
2055
65286
64515
64010
1270
1794
64261
64515
62468
254
510
1784
64770
64762
64520
1017
257
511
1026
65529
1034
60410
65025
2053
64759
1781
65023
64510
65275
64765
2058
1274
1274
1541
511
63230
64780
64512
64520
522
65025
1013
2305
64005
63743
64519
1795
64763
64516
2303
1280
2307
2812
65273
6
1289
64254
1274
2049
64774
64764
64510
64523
65275
64764
516
64760
2562
64003
2050
64764
764
63488
1272
64258
1020
64763
64524
64771
253
65531
1279
65533
3334
64255
1285
64763
65285
64514
2298
2055
65533
1530
64512
63488
64514
1290
63742
64258
65025
63743
1
65525
16
64514
510
64524
2040
774
1794
64000
512
65287
256
65535
2041
64512
250
1024
64767
771
1291
1276
776
2305
767
65015
264
764
253
2557
1015
65021
62971
2045
65021
2301
64528
242
65285
65023
65284
1275
65033
60925
65275
2312
0
2552
65020
64768
65018
65532
1803
65275
1020
2311
1789
62719
1028
64255
258
3841
2050
763
766
519
63491
65024
1274
64254
64763
64007
251
504
3
255
65026
64264
62468
3319
64512
513
1024
61954
65534
64760
64513
65276
764
3335
62204
2559
63240
1280
64765
1530
63230
1267
64005
64779
64768
64765
65023
2044
64512
3325
64010
516
1540
64010
253
0
1289
65527
1271
1029
62978
1788
1544
62974
65023
1280
65284
64252
508
65033
256
62467
1029
2044
766
2045
62464
523
1283
64773
64771
2040
64266
63996
2819
64768
2045
525
768
64518
1028
2813
63992
523
2045
770
2812
1784
65273
65526
65287
63740
2301
64525
508
2300
1278
2
767
265
63229
64513
1276
1275
1015
503
64516
508
760
1032
65283
764
3848
1
62972
1287
63749
257
1034
1283
65018
1531
261
64000
65533
65286
65282
64764
3
1021
65281
65018
64520
65023
0
64517
3573
65283
1024
1791
64776
65535
64765
506
63745
64509
2822
64511
65277
64767
64767
64255
2812
516
64494
65024
64770
64005
64002
258
1020
63488
3840
63751
9
1
773
64515
762
65533
64764
2556
1033
64514
64516
2054
254
2301
1024
62723
65283
251
65029
64514
64768
264
1281
1279
2813
64244
1030
1027
257
65020
763
65276
64771
1021
63491
2813
64772
768
519
2306
1013
63485
516
63233
254
2044
64247
254
64508
64002
65276
769
15
1790
63746
258
65276
65528
1028
257
65276
2563
5
65525
1788
64264
764
65274
1029
759
65274
3587
252
64006
2560
64517
520
11
1805
64498
2050
515
65281
1277
64512
64779
251
64519
65527
2043
252
765
256
64520
62220
1017
65284
264
63740
62215
65535
508
252
62723
508
1540
62460
772
258
64763
64512
2042
65023
1528
2040
64521
63230
63233
1539
63996
65283
3328
64265
1
1538
12
64517
3063
65024
1279
2820
64515
64773
65281
1535
3
1
1533
64512
512
1790
64005
64770
64512
64266
64774
509
2557
63997
521
518
65021
259
1271
510
63745
508
61946
3071
266
65271
2044
1284
1022
64759
1033
64245
64514
1277
64506
257
63484
65031
64258
520
2571
503
2050
1798
766
65275
262
64256
63996
1281
64257
763
2811
13
65532
64765
768
1012
511
2306
765
64764
768
64508
64259
514
2052
3830
1542
65534
65024
253
1030
65532
63744
8
65023
2817
259
509
250
64258
63245
2301
10
65031
63485
62469
766
516
64767
64255
766
2823
63737
517
257
766
63744
2045
65025
759
2817
63749
64763
64769
65534
63996
64262
3068
64516
515
1797
774
64517
2814
65280
1792
1788
2307
512
62978
2563
1797
513
1528
63744
65278
65533
65031
65015
63236
65280
65026
1791
2046
65529
1283
765
773
65531
503
64756
64515
764
64762
2043
63740
65532
64254
65019
65020
2553
778
252
65031
64004
64256
65023
1532
64765
65532
4096
65292
1279
1281
64516
63237
2042
65284
762
2559
773
64001
65020
773
63737
2302
65532
60679
65275
1532
266
64005
515
64515
64511
2041
3075
63490
65285
2306
65276
64514
2813
64252
64764
2308
63998
1028
774
65020
64263
1534
2814
65015
523
1284
65023
1540
65527
1020
63996
764
514
1020
64272
504
65282
1277
65277
64762
1029
63751
65026
513
1542
65268
1020
64770
65278
2044
269
246
766
2049
1018
65535
1285
65024
64775
1288
7
65531
2557
259
65284
64768
65285
63489
1019
779
65020
2812
65024
765
65286
64772
61451
2295
64512
64775
64764
62470
1286
251
64763
63483
64760
0
65012
65290
1019
64515
64511
516
61698
64258
1284
508
766
1792
64508
65022
510
1291
2553
1023
3589
764
64511
1791
63747
768
771
2310
245
1020
65030
64000
512
2052
770
63991
2049
65269
1024
2306
766
64519
62980
62730
65520
2045
522
64770
250
65030
508
65529
63755
63478
2566
63238
2040
1022
64517
65027
2815
63487
759
64769
62470
63475
772
2038
65021
65274
2058
508
263
1277
254
65271
775
62725
64765
2568
62979
502
1273
64512
508
64763
1281
65528
2561
3582
3071
63229
1019
64000
64770
512
2058
1532
1276
776
63748
63483
64518
766
513
6
65285
2306
1029
764
257
64517
61703
1013
1022
6
63999
64007
65287
254
761
65279
64757
3841
62718
2304
65277
65032
1537
1788
64515
64761
762
64779
63235
64766
1537
64515
64508
3583
64010
65279
1538
64777
519
3572
64519
65016
1795
518
63493
771
1799
5
252
65024
64517
1532
513
64251
8
1019
65279
1028
1270
3592
63471
64776
1279
64001
64509
2039
64767
65023
507
63479
1276
64522
756
64524
2300
64258
64761
516
64255
65021
2560
63228
258
513
64256
65279
64510
274
758
1029
1028
1273
63993
263
64520
63748
1803
2303
497
263
64002
65020
64518
258
64763
64252
2823
65534
65278
1539
65276
64520
1795
1287
1523
1023
65036
510
65023
65283
1022
65276
513
63745
2564
1026
1021
65532
65284
64007
2301
1277
63492
65277
63744
5
65027
511
64251
64258
65024
65272
1282
1024
0
64765
2057
62723
63740
1284
2300
1532
65528
65027
65275
65018
262
251
65281
3594
1531
64254
2051
64520
1033
65281
1031
759
2307
64772
64771
64512
772
2045
65532
64257
65019
249
252
2304
63749
64516
61961
3068
1536
65025
63749
63498
513
63998
254
63484
65276
4106
62972
517
65532
64773
64760
65531
9
65266
772
64778
63742
62717
1024
765
64766
3073
64264
64779
766
65031
64767
1016
65289
252
1281
508
62970
5
1284
64766
64249
1532
65029
64514
1275
64271
64766
1537
1034
510
1019
2056
63740
7
1794
65276
253
1018
511
64767
1535
63999
2815
521
2306
65278
2557
65533
63994
265
62721
65534
2047
64499
64758
64253
64767
0
764
281
2038
1533
1796
253
64252
65282
63493
65283
516
3
247
512
64003
1532
65534
1537
65014
65278
3328
767
254
2563
64514
257
65285
775
1018
2048
1025
64512
502
12
1525
510
1543
65281
1535
513
517
775
64770
62478
1267
260
262
64764
64520
65023
64256
1022
63226
64511
64768
2550
65028
1021
65025
65275
770
64763
64512
1790
65279
65276
506
64765
255
65277
64256
1272
8
1281
2306
63485
1542
64516
511
1531
1282
2043
1534
65286
64770
65277
64768
508
65534
2821
64769
1022
1540
65024
64771
1541
63755
3065
65280
65015
64765
65016
64007
65022
65284
63491
65015
3848
63741
65026
256
64767
63497
2300
63746
503
64256
64520
65523
65023
762
63998
1
1281
64001
1280
1029
264
63999
1789
772
1279
2043
0
63998
63749
1287
63226
64767
1275
61952
1534
764
65037
64520
64764
265
65532
65273
514
64510
262
1541
267
64766
2556
64514
65286
1020
65281
770
11
765
263
1529
2561
63737
7
1024
63233
2042
1276
65024
63995
253
64002
257
276
1271
519
64767
1022
64002
772
62716
63489
512
65277
1013
511
64765
259
65020
519
252
770
1027
1787
64764
7
64764
256
523
1036
2551
2300
1535
65280
65025
64514
1020
64762
64515
250
508
1286
64514
4
65025
63757
2806
65278
261
64251
511
64259
65026
507
62468
64759
62978
1014
1288
65024
1026
1271
65300
61688
63489
3321
64761
255
1530
64268
65533
63742
1037
755
65029
254
1020
64765
255
64514
1285
1805
1025
247
1277
63750
64761
65021
1534
65532
62973
2054
2043
249
1802
65024
63746
65030
65291
2044
1535
264
1279
63998
65290
65276
64505
5
1277
2314
64766
1539
65532
64512
63754
1531
65535
64781
64511
64260
770
256
1283
65281
63221
4097
63737
2309
254
64762
513
1276
1796
1271
1793
520
64510
64514
1281
64254
62721
1024
64516
64507
2307
65035
8
2298
513
1022
1282
1787
62211
63497
2051
65280
64262
2808
64768
64767
2049
253
64513
65290
767
1020
766
3071
63989
519
1024
64770
2051
2039
64764
63487
1028
64513
1
65035
1016
64258
65025
1022
63739
518
62972
3
2814
255
1015
65279
64519
64513
64246
261
1276
1791
2310
1
64762
65028
63486
65286
2312
259
1024
768
15
65022
64768
774
1022
65017
3076
508
65276
2560
65533
61948
65282
62217
2301
2558
64519
65532
63989
65035
64765
244
64256
64506
2303
62463
65283
508
1284
63741
2813
511
758
65285
63753
64775
65025
64750
65016
65534
2816
64523
64253
1533
521
64001
1022
65532
65529
246
65290
64259
63493
1285
65271
64774
1025
63747
508
65533
64776
64769
65013
264
512
257
1285
63750
775
2822
1283
65532
2301
63997
63745
1789
509
2821
780
766
64756
767
2560
62705
1287
775
4
3072
1786
64764
65023
65282
65012
762
64784
1780
508
2049
1
64509
1801
63229
64263
2567
64764
1010
767
64511
505
64513
1546
63481
764
2310
1024
63231
518
64512
3
1288
1282
64759
1532
772
65025
65281
2311
251
64001
1032
764
2
64514
2817
63231
773
62725
2296
1796
65285
65278
64507
64001
65017
65532
62721
64498
2055
62465
1272
65027
257
65020
2041
515
764
1274
63491
64767
65020
0
64766
65535
1279
1526
65277
3079
1017
64762
771
63488
64518
2828
257
65271
1286
65283
65532
65023
1281
65532
65026
769
1531
257
2308
257
65280
1530
780
2812
767
773
1277
64768
65287
512
64505
64772
65276
2820
65281
65535
65027
64514
64521
2550
64256
513
64515
63240
64775
65288
1013
64513
65272
3073
62208
514
520
251
63237
2814
64508
63735
3321
261
64001
63232
1788
63223
64521
2557
505
65532
1028
3068
65023
1797
65280
6
265
267
1018
505
1031
261
64255
12
766
65024
64520
1279
505
64770
65280
65023
65027
60676
2551
1536
64257
515
63754
63490
65019
763
63486
63484
5635
63994
1542
65022
65288
63996
1018
775
504
770
64002
65020
63489
1278
258
65020
2812
63496
65287
516
65288
64773
2044
254
1275
1800
1033
62976
513
1796
65280
256
256
63750
1
1018
65291
0
765
1544
252
1015
2046
65525
265
1288
768
260
769
64505
64766
2814
63744
1265
11
65287
1534
1027
257
64759
265
63226
3
3068
64760
2046
65274
1024
64000
1788
1802
1017
765
2047
1535
64764
65282
64518
63227
2821
258
1526
256
64515
64765
65529
1287
63986
2306
1034
2803
64259
1532
64000
519
771
776
1530
2304
516
63745
63999
64257
1024
64766
63751
506
1536
4
1534
65020
4
62724
3578
64764
0
65276
64521
64516
65020
64763
64769
64761
6398
62719
2307
773
65278
64257
2303
64258
65521
2039
64522
63484
65283
515
65276
63744
4098
63242
1285
1029
64264
65284
2546
64772
767
768
65027
63994
63748
1026
260
766
252
65025
65022
1022
65290
64508
64771
8
771
1276
768
63222
65032
1032
252
64768
1784
64255
63994
64766
64756
1280
64519
1271
64515
64760
254
63996
65287
64516
1020
258
64760
504
63743
63489
64770
65273
1036
760
64766
2057
1024
252
260
62974
64763
2058
64766
65015
257
63241
65274
63745
1537
65015
65024
2815
257
507
2565
65284
65284
64768
1028
2552
2304
64518
63235
64249
7
508
65012
63492
249
3339
1533
65533
1790
64259
62477
3322
64516
510
65023
62986
63748
261
65276
64510
1019
64004
2291
774
506
65026
65017
267
62968
63489
1547
761
251
1271
64511
766
253
2570
64757
64505
2564
2557
63744
1537
65278
1282
776
780
1014
2045
64520
64519
1023
1033
508
63228
1027
65278
252
65277
515
64259
64519
62984
2037
65284
65289
64254
64507
65283
62973
1021
64764
1017
2821
65024
516
64511
1791
63232
1787
64517
498
1030
63496
65020
65035
65280
64764
65280
3576
64518
1793
64512
64770
64259
1273
514
65532
2302
64525
63236
2
1799
64761
64766
65274
64004
64515
1021
64779
252
262
1291
258
1535
1276
62710
1028
1801
64515
64763
3071
253
64252
2037
64260
1024
64518
1283
515
772
64766
62974
4
63232
261
2300
64756
510
64506
6
63740
65027
65291
2043
769
768
1529
251
776
62207
63486
1797
1794
498
502
64769
65274
764
1025
65528
773
2819
765
63483
1031
65020
64516
2314
1287
1787
1789
1031
2
261
780
504
65278
774
768
3582
65532
1282
64002
3
61963
1523
513
64507
64514
64002
6
1788
65020
516
65272
2822
63996
65280
65024
509
64518
2295
63753
65267
248
65031
64252
63997
1282
254
65021
1537
64776
65020
259
65288
64516
2300
3
1272
250
65028
65277
6
1794
64770
1020
764
65285
64255
1533
65021
65275
2044
769
65284
65032
62472
2555
2307
65038
65021
62715
1029
63744
506
64263
62966
3335
63487
256
65276
1277
65533
3067
1537
65272
65023
64005
64506
0
64763
65020
64763
2568
1526
65281
2046
1535
64509
1036
62721
64771
64003
1536
758
1014
521
764
65276
65031
251
1542
3336
505
63485
1532
64000
513
259
1545
761
2557
777
64257
64763
267
1274
65275
2056
1533
1542
2
1021
64517
62979
61702
2295
258
65024
64513
62213
64776
512
64765
64766
65011
3076
64767
1284
1020
64762
256
2558
64514
65017
762
63752
63487
63744
65535
65535
63228
1013
63235
1796
65281
64517
256
1538
64518
1536
2307
1035
65025
4
2052
65021
513
1278
64510
65281
1531
62978
64771
64768
260
257
65270
2816
63995
776
772
64764
65277
64761
760
63997
766
64000
2556
1037
64506
768
509
64761
65276
1803
64508
1800
2807
64252
765
62201
64263
505
255
1035
499
4
2561
1027
63741
1034
63235
63740
2054
511
250
2560
64771
1021
64764
3
64764
65530
2820
765
765
2556
64763
65018
2306
65291
3064
4
64768
2815
64257
263
65532
65283
1035
63995
2053
2
63487
1275
2816
64508
1033
3
253
1791
1274
65531
64768
253
64503
65530
1039
1023
63233
1799
65534
64759
1288
63998
764
3074
1787
1786
64514
5
511
65533
522
65532
64510
2561
1788
64251
3079
65533
64769
772
2058
763
258
259
64765
64519
64519
760
65277
772
769
512
62720
1019
64512
64521
62215
1018
65276
64513
64516
62981
64773
65531
65276
65282
65274
4615
63742
523
508
64519
64259
2296
64257
1780
255
64520
64258
64763
260
513
64507
3583
63494
1291
1279
258
65024
2044
65031
64760
1280
1546
62464
515
65026
64506
65530
1790
63745
64520
2812
64523
65275
1787
1028
0
65525
3072
63989
1038
776
64259
63997
762
255
65023
2303
63999
1536
784
65276
65534
64764
1025
63228
65289
64003
512
2048
64761
65020
63746
65026
64763
65276
1291
1015
1024
64515
1787
62971
1287
64510
64258
3586
64260
1020
761
1288
255
65273
1284
758
64512
3590
1280
64252
2306
1
259
1541
514
759
1794
1291
65535
63489
65281
1276
255
10
508
1281
253
257
65281
64767
64524
3830
64767
65278
63230
64769
64775
0
65526
63749
65527
3847
63231
65282
65532
1282
65279
1017
62468
251
1276
10
65269
64515
1533
512
64516
1280
65288
64765
512
65287
4
252
1799
65011
2555
1029
63489
257
1287
512
64766
1276
63494
249
251
65291
64510
772
64514
1029
2044
2313
64502
64518
2569
63488
64763
1786
64510
767
1277
63488
2298
1550
1018
65275
1022
64259
64763
1287
64764
65025
1277
252
508
63741
64515
64767
65020
1289
1530
65028
2820
770
65276
1281
63229
65281
1797
65021
64761
766
64770
760
65532
1537
65015
65021
3079
766
65534
1022
518
65031
64514
1547
2043
2046
523
65020
63231
65288
511
507
3
65528
1032
0
64767
1015
514
61703
1272
8
1291
64259
62978
63745
65534
250
64002
764
2818
64512
1278
63233
1540
64258
1788
64515
65274
2039
63497
63748
64254
259
63223
65031
3581
63747
1030
65281
65032
64774
2558
2
65278
770
1026
64514
0
523
65284
64508
1534
64511
64254
250
64769
65285
65028
512
63489
1020
1281
64759
65029
1281
65533
64767
65012
252
65023
65022
63227
2559
14
65525
1032
64517
764
62455
1033
64765
64518
2302
65531
1022
260
63747
64759
65534
1545
769
65026
1031
507
64764
777
65280
515
1544
3
1019
1023
7
764
64774
769
246
63746
2047
1788
65533
65280
517
64515
1540
779
2551
1279
1288
1020
64002
64782
1273
252
519
1271
2570
511
64517
65278
63492
63996
2042
2
65267
64001
64003
63240
64767
65271
63747
65535
65027
1532
1028
4
1527
64252
1544
63997
64767
1799
64771
1525
253
64782
1013
64507
262
504
65286
2822
1533
65271
1538
64774
65022
773
2062
756
1282
65277
65280
65022
65288
1034
508
63493
1017
2814
65281
1281
65023
64508
60931
2806
65280
65285
1
63496
63999
65019
1011
64259
506
5373
520
518
64512
65028
63230
2560
63740
504
2300
63753
64767
256
263
64766
63749
3068
62211
65286
1022
64002
65023
2551
65028
761
2051
519
62465
64774
1537
64769
502
255
65021
64769
1533
264
258
65278
65289
771
2299
1536
63228
776
65286
63746
65529
1272
1019
64000
1020
62968
2052
262
65268
2309
2559
257
64760
1285
64766
64515
2050
250
1281
63743
64253
1522
2306
64524
1531
12
1282
505
64765
1542
63491
63998
1286
1279
499
1789
64513
1021
257
1794
1785
258
65534
2297
64258
770
64253
64006
64259
1540
3068
508
1030
64765
65026
769
64510
63739
257
64257
3074
1278
65026
518
65288
63752
2555
65279
1026
62975
64774
64522
767
511
65533
507
4106
64761
519
65277
65276
65279
64768
261
502
3067
64261
64252
63228
2052
64763
64768
4350
63745
64763
514
64517
4
1023
264
65534
1537
768
64258
65534
1288
65283
65276
2562
64514
64254
1020
64516
64257
65029
252
65279
2812
2044
64497
6
2821
255
249
1275
64509
64765
508
63233
2556
64780
65526
65024
1789
513
64762
519
62462
1275
505
2302
504
1278
65282
64255
65021
1547
1269
1531
2056
2045
62973
2562
65026
64763
2048
65279
1276
2558
9
508
253
512
65021
254
2822
1021
62462
2560
64519
64257
65024
12
4088
768
16
255
64766
1278
65269
507
64515
64762
2309
64767
2816
64252
7
65286
2044
259
513
64263
63490
64007
65020
64758
64765
65013
5383
63483
2308
260
65530
64511
1275
519
64760
768
64516
62981
63230
256
65281
64256
2556
64520
65275
1036
261
63492
2297
63755
1278
1791
2822
64259
65535
1543
65029
769
1025
64773
64770
1529
64767
65278
65280
515
65283
1273
2562
63478
1022
1536
64512
2300
759
63995
63741
1025
63227
2303
64786
1529
508
64514
2048
62206
65031
64766
65533
1542
1017
501
65532
512
64765
64765
1032
1532
65534
2821
65533
63229
776
62718
1281
2312
1281
503
1534
64523
64759
64761
1027
756
508
4618
508
63996
2815
775
64512
64515
62987
3578
2045
12
65283
64252
11
1025
65275
64519
64250
1283
65283
773
64764
262
63484
3325
65284
1789
64000
64263
65019
770
65268
64254
65530
3074
64770
518
64261
65535
64259
1271
65023
64504
65535
64776
62720
65027
1280
64515
65280
257
62726
63491
1532
3322
64515
2553
65018
1025
769
1546
64494
2303
1290
63743
65023
64262
65533
65532
776
252
2563
64519
251
65287
64515
64010
2551
63747
1028
62720
64516
64766
2
248
64256
64505
64773
64764
64510
65279
65028
64765
64782
65279
64512
2307
64764
64766
1272
63751
1018
1024
1801
65527
771
3839
2046
254
777
65282
64769
2827
257
65272
1786
62979
771
64770
260
63996
4
4612
64250
64764
1276
1533
65278
1539
62215
2298
1023
255
64255
63999
65032
767
64514
61444
248
2824
62723
512
64258
1019
62981
2815
64258
762
64770
11
64508
516
1789
65530
65022
2560
63494
768
1025
65293
65023
2307
1027
1782
764
5
64772
64514
779
64501
64764
509
62976
65284
1280
64266
64770
65535
520
1788
760
2560
65027
782
2820
64774
508
255
64509
64513
767
64767
2557
65283
256
511
64772
765
65274
1030
2309
64770
2040
250
1019
64768
252
65270
766
64256
64520
254
65018
64514
1022
64769
64508
1021
267
64516
0
511
765
63488
3069
62724
510
1277
64528
63745
763
64260
2047
2560
1291
63748
64250
2832
2053
256
1026
65027
64515
247
64254
65531
64765
64004
1791
2304
1533
64493
2307
1794
65020
1282
1786
62977
506
65279
256
2810
62203
65277
64766
64771
64766
2296
768
65272
764
64521
64508
64762
256
65022
65279
3319
65027
1025
764
64778
771
763
514
64763
768
1541
65022
65025
1795
65031
509
773
64515
254
1025
65292
64768
64760
2
1020
1531
2818
62720
65030
1544
64259
766
2556
1532
64766
1024
63743
1280
65034
65030
64765
760
1279
252
5
511
65278
65531
2296
65025
64258
260
64764
1528
63750
64514
252
64512
64515
3063
65287
507
1528
64262
63997
64523
1533
65020
65022
2816
63235
773
64764
14
260
2049
64521
0
2312
3075
63492
1
2056
64512
255
2300
64257
64772
2050
65026
2
65036
1
64769
248
1789
64251
520
1286
64765
1531
2047
63745
64765
1279
63993
2042
65045
1265
65531
2050
772
65527
264
62719
65026
1537
65532
1016
64760
7
65016
65017
260
1788
765
1286
1
256
1802
64256
515
1030
508
1016
1792
265
2
64250
519
243
65534
3332
1276
256
2816
261
65020
1
63498
2546
766
516
65277
65278
64011
63999
247
64518
65275
2821
62467
517
761
2
65284
2299
65285
253
64259
64011
65278
65535
501
64512
63739
4611
63494
771
63744
64520
64518
2039
1028
65531
1787
1284
64000
65533
2302
63488
64762
1792
63236
1020
65532
64523
64517
65274
2054
1276
1283
513
64515
517
2058
1029
64514
3327
64508
63748
1789
64510
1029
65293
1274
8
765
2815
61938
1032
1024
65019
1534
758
63996
509
2298
63232
65526
64271
1784
1025
512
1282
249
2061
63486
64765
1543
64762
244
64762
64766
65029
65271
64516
769
1534
64520
64777
1275
1284
2
1028
771
63236
508
2310
521
509
65276
1279
64517
502
64259
64255
63744
64775
260
64763
64001
1270
64770
65532
764
65025
64515
252
65532
64766
1020
2570
63745
1024
64261
252
62976
3320
64516
65274
64764
64522
64509
64768
2559
62456
510
2299
64520
4
776
11
64767
1021
1022
250
1021
65025
252
517
1282
65015
516
65532
62464
64769
2812
64263
519
64765
262
1531
65281
2815
61954
65290
1798
776
63740
65280
65276
63746
1795
64512
1275
265
774
65023
1275
2562
62453
523
1795
1280
762
2037
762
65286
764
64764
765
65303
1015
65025
2301
64257
64767
772
64765
64511
1286
2556
64759
253
64767
64511
765
1289
253
65535
2566
2300
63491
2565
64255
65284
262
1802
65276
1536
1547
65281
1027
64517
764
509
779
2042
767
770
2815
64000
65285
64268
3060
64773
510
65021
65034
64518
1
1019
64253
65009
1795
62201
2818
259
63744
63228
3578
64776
1276
2045
64267
63228
64768
513
64766
63489
4859
62987
65283
515
64520
64763
764
260
65019
3076
64518
64004
772
65027
509
64514
767
61953
64259
2296
65288
1030
63999
767
1023
252
2564
62204
255
2312
263
65023
2556
63745
64516
1792
63488
1277
11
5
771
65276
65024
64251
1545
64257
64512
1788
758
764
63493
64764
63738
1792
65036
760
65281
1278
65534
65272
11
65029
1
768
772
2805
65280
64770
1272
1789
1022
504
514
2055
1020
64512
1788
64766
65023
1028
9
508
1281
65288
65533
63232
1031
65529
63996
64775
256
1791
65532
3
1019
65027
63497
2290
0
64001
64764
64262
64521
512
65528
63487
64249
2821
63742
5
65274
65285
63998
1274
64004
1270
2560
64515
65019
64766
1537
508
65279
2561
65031
2301
1538
516
64519
1779
262
260
1015
64003
63746
265
770
65285
2561
252
64260
65533
64766
64520
253
256
65283
64515
2556
767
63229
64766
65294
513
64510
1536
63483
1022
65276
63228
3068
63752
1015
516
64514
64762
62713
2828
62461
1030
2299
511
1019
65020
256
64762
65025
1803
253
513
1023
1533
251
523
63993
62720
1793
510
1786
2049
65288
65013
65026
3073
1015
64775
1789
65532
64512
2311
65287
63235
1542
772
1785
2563
65032
513
62211
774
65528
65276
1547
64255
1284
765
1798
251
64776
64775
2806
517
1795
64766
63243
64520
65278
65276
65535
64767
3331
62208
770
65028
64770
64766
1277
64001
763
1020
64263
65025
64515
258
65016
64004
2813
64509
2047
1026
64775
4
64765
1542
765
1277
2567
64770
260
2822
65277
64508
2819
64767
63999
1788
64769
64512
65283
263
65535
1532
2299
62969
65033
1028
511
514
759
508
64250
1021
62976
1787
1547
65527
64773
65023
64769
63996
1034
64761
64257
2047
64764
509
257
64260
65534
65282
12
757
1031
2307
256
65275
776
64765
762
514
519
65527
1277
64779
1275
65024
2563
63735
63994
2820
764
1022
1020
63748
65023
4
518
2803
1029
1799
65285
64766
513
2
507
64520
64505
1028
256
770
1281
511
63493
1533
512
2051
62473
62722
63749
65282
1019
65028
65532
